0.9921875 0.0078125 0.0 0.0
0.96875 0.03125 0.0 0.0
0.69921875 0.23046875 0.0078125 0.0625
0.31640625 0.48046875 0.0234375 0.1796875
0.15234375 0.6328125 0.046875 0.16796875
0.078125 0.62109375 0.0625 0.23828125
0.02734375 0.6875 0.0625 0.22265625
0.03515625 0.65625 0.06640625 0.2421875
0.015625 0.65234375 0.0625 0.26953125
0.00390625 0.625 0.0703125 0.30078125
0.0 0.625 0.09375 0.28125
0.0 0.6015625 0.10546875 0.29296875
0.015625 0.59765625 0.09375 0.29296875
0.00390625 0.53515625 0.1015625 0.359375
0.00390625 0.4296875 0.12109375 0.4453125
0.00390625 0.375 0.12890625 0.4921875
0.0 0.34765625 0.11328125 0.5390625
0.0078125 0.34375 0.140625 0.5078125
0.00390625 0.21875 0.16796875 0.609375
0.0 0.21875 0.140625 0.640625
0.0078125 0.1875 0.16015625 0.64453125
0.0 0.2109375 0.18359375 0.60546875
0.0 0.2265625 0.16796875 0.60546875
0.0078125 0.16796875 0.15234375 0.671875
0.0 0.15625 0.140625 0.703125
0.0 0.23828125 0.16796875 0.59375
0.0 0.1171875 0.20703125 0.67578125
0.0 0.12890625 0.15234375 0.71875
0.0 0.0859375 0.16796875 0.74609375
0.00390625 0.1328125 0.21484375 0.6484375
0.0 0.1796875 0.15625 0.6640625
0.0 0.1015625 0.22265625 0.67578125
0.0 0.1328125 0.16015625 0.70703125
0.0 0.10546875 0.171875 0.72265625
0.0 0.09375 0.171875 0.734375
0.0 0.09375 0.14453125 0.76171875
